sample.id	reads.raw	reads.trim	reads.hg38	reads.t2t	reads.rRNA	reads.virgo
SRR6743920_1	48333036	46682498	17642960	17586633	17575063	12018735
SRR6743924_1	54664350	53705611	48353755	48350778	48343617	35980162
SRR6743927_1	73933858	71959027	67466934	67463312	67442661	39445544
SRR6743930_1	48853325	46471847	2869485	2860159	2843172	1869093
SRR6743933_1	42738708	39956502	14613563	14604820	14592357	10857390
SRR6743936_1	7563609	7323463	4173699	4172666	4170378	2597235
SRR6743938_1	36253041	34124081	6826737	6768059	6762082	4159184
SRR6743943_1	52735338	51162491	6649315	6565864	6508106	3324097
SRR6743949_1	54196083	53439543	49442443	49436597	49432345	39266835
SRR6743950_1	22284023	21596385	15276553	15269486	15266764	11325580
SRR6743960_1	64443367	62028249	36774256	36752888	36734203	28620514
SRR6743965_1	42260052	40920095	32204149	32190746	32185919	26485783
SRR6743966_1	53554540	51298888	47659822	47656886	47652535	36521898
SRR6743967_1	20898038	19871507	1538263	1529096	1502395	836515
SRR6743968_1	39164979	37393510	12191693	12175152	12161783	8636403
SRR6743971_1	51291775	49132236	46774809	46772203	46766477	10698395
SRR6743974_1	38236868	35454135	10510161	10489546	10476969	6998604
SRR6743975_1	52492042	49477591	17472126	17377742	17370136	12770502
SRR6743977_1	30950118	30142038	13493516	13357417	13355519	9554264
SRR6743984_1	79384298	77050613	37074802	36975661	36946067	27404782
SRR6743990_1	68885102	66906876	47582824	47550349	47532427	33849280
SRR6743993_1	43300116	42113424	20165880	20154556	20151213	14783647
SRR6743995_1	62369759	60677700	21299200	21290280	21274915	8475152
SRR6744018_1	34433330	31275739	22229501	22223834	22220322	17701031
SRR6744021_1	95596794	94158650	75759819	75672921	75661300	59797516
SRR6744029_1	3309457	3059399	3034275	3034138	3030553	720767
SRR6744030_1	49228993	47663899	39832627	39819693	39808654	27427210
SRR6744032_1	61935000	60996537	55685437	55681523	55678381	43718084
SRR6744035_1	38584700	36683614	10885826	10881615	10877476	3803326
SRR6744038_1	45609595	44390695	39455564	39450804	39441390	29195066
SRR6744047_1	38634614	37381625	37001682	37000746	36998153	26271834
SRR6744055_1	55343457	54588048	52560944	52559868	52547627	27213250
SRR6744056_1	17498624	16039424	6263719	6258828	6256937	4166244
SRR6744057_1	64610687	62617625	56900609	56899028	56860927	23512330
SRR6744058_1	76261380	74890969	45115737	45084717	45065625	34284027
SRR6744059_1	57420425	55995963	42678343	42668919	42653783	30829669
SRR6744060_1	80598219	78843795	58174431	58162560	58146320	41153937
SRR6744074_1	12614645	12203741	9136846	9133439	9127675	6234951
SRR6744075_1	50649822	48156982	29365819	29355445	29350243	21941833
SRR6744086_1	50090584	48975734	48537526	48536607	48514537	22209558
SRR6744087_1	47276286	45955612	32490714	32468654	32464949	24285805
SRR6744092_1	30585450	29624761	22013661	21999022	21993523	15305114
SRR6744094_1	72021369	70310343	68372891	68371296	68356378	37489888
SRR6744095_1	91084939	88804140	88205711	88202066	88170189	40050051
SRR6744097_1	80878189	78990567	78520066	78519433	78420471	24821485
SRR6744099_1	52695034	51547164	41468547	41451110	41442416	33544306
SRR6744101_1	15067463	14493683	3986536	3981260	3974932	2304138
SRR6744105_1	58816582	57172822	54248000	54246128	54242019	39462977
SRR6744107_1	32807666	31416069	20147974	20142114	20137289	14393125
SRR6744108_1	35093007	34042349	19903493	19898013	19887027	14849322
SRR6744114_1	67706276	66590531	66296097	66295653	66279044	16456770
SRR6744116_1	30008250	29175639	16436206	16424429	16422562	12890079
SRR6744121_1	37593746	36274298	22926236	22918268	22913381	17494337
SRR6744122_1	27065126	26126500	2062634	1889906	1822733	488859
SRR6744125_1	58501908	57338080	38155048	38137341	38122380	21971771
SRR6744126_1	14212461	13540913	3915288	3848676	3845829	2973657
SRR6744133_1	51001092	50031201	35563241	35545528	35527300	25462576
SRR6744134_1	49533630	47883529	23021187	22980954	22950621	14882926
SRR6744139_1	87546	80491	59119	59095	59086	44886
SRR6744141_1	95613669	93104741	67119610	67096386	67081740	48952253
SRR6744142_1	51434679	49922086	40848607	40835224	40828350	32130551
SRR6744144_1	56865510	55362430	51772649	51770534	51767728	38129156
SRR6744151_1	33893177	31941373	16962224	16953902	16944310	12595522
SRR6744152_1	86929641	85070952	79202092	79199728	79194743	60900781
SRR6744156_1	47240344	46127418	44406607	44405443	44402638	31313416
SRR6744157_1	58130001	56862554	36865694	36858215	36851998	21487859
SRR6744164_1	77304992	75928318	73019435	73016827	73011390	56031368
SRR6744166_1	41024343	39017266	34847717	34844764	34838988	25774962
SRR6744169_1	38407491	37009958	22872835	22867770	22859088	16910266
SRR6744170_1	66045789	64019012	26898145	26492342	26481134	21186038
SRR6744172_1	72654066	70210305	59502511	59491040	59469862	41967805
SRR6744173_1	86947287	84648837	72602868	72595163	72584130	50246128
SRR6744176_1	54567128	52818503	22083551	22055884	22046976	15088994
SRR6744188_1	17291373	16790686	15870321	15869711	15868838	12127578
SRR6744192_1	27829367	26702980	16449373	16384989	16381411	13007446
SRR6744196_1	57504422	55584077	21500560	21480222	21459811	15479701
SRR6744200_1	1928484	1733814	330637	329109	328654	167637
SRR6744207_1	34491126	32617478	31514630	31512627	31509796	22510140
SRR6744208_1	29316741	27709766	4640281	4622497	4618496	2986541
SRR6744209_1	40308648	38726102	25544088	25516638	25507712	19967915
SRR6744218_1	1427551	1374361	613977	613611	613183	411890
SRR6744219_1	6494179	5661685	683842	680781	677512	325105
SRR6744231_1	92187329	90354113	82754120	82735508	82722389	55084943
SRR6744232_1	49055281	47646327	47084089	47082937	47079095	33382174
SRR6744238_1	86180801	83292787	81902724	81901231	81861948	26945621
SRR6744240_1	32228953	31459487	26985800	26955687	26953727	18066066
SRR6744246_1	46368206	44853209	38845758	38843827	38836234	23446943
SRR6744248_1	38878870	36338254	18073798	18061054	18052324	13285068
SRR6744250_1	96393355	93255374	15929161	15865370	15841644	9912694
SRR6744254_1	35641399	34604388	30480339	30477879	30473883	22044457
SRR6744257_1	50552194	49816421	48273767	48272782	48270429	35142290
SRR6744260_1	4189860	3529662	1025332	1023997	1023503	667630
SRR6744261_1	32194648	30886752	16174114	16168963	16166316	10636233
SRR6744262_1	37064461	35072459	7397242	7383924	7367524	4652802
SRR6744265_1	101772390	99501067	79006254	78998635	78983794	62052974
SRR6744270_1	41443898	39403740	35386678	35383098	35381120	26951712
SRR6744279_1	33890289	32994357	29238036	29233327	29218924	21479421
SRR6744282_1	79702834	77054020	47239924	47228709	47181159	20190933
SRR6744288_1	45708613	43940321	30550631	30538813	30504712	24372420
SRR6744291_1	43848547	41949853	38267025	38265120	38230767	18525442
SRR6744295_1	41827298	40438843	27829119	27821781	27818274	20807399
SRR6744297_1	21159034	19244064	19151342	19150654	19137159	3705995
SRR6744303_1	30569822	28765016	11463740	11420950	11403776	8596297
SRR6744304_1	5197926	4959312	1778825	1775949	1775303	1198391
SRR6744305_1	51029968	50071344	41072538	41056088	41052179	30327521
SRR6744308_1	65734650	62981056	35308560	35291014	35276884	26337545
SRR6744313_1	56283427	55226682	32163123	32146881	32129676	17638168
SRR6744322_1	46969894	45120201	9233973	9217385	9208778	5630863
SRR6744326_1	12854398	12497295	2017576	2010864	1992230	1052197
SRR6744329_1	22752375	22222019	9875147	9836815	9828414	6748855
SRR6744331_1	52975038	52258447	49629974	49627626	49620396	37200634
SRR6744335_1	66153160	63388637	37936442	37920831	37906864	27442307
SRR6744338_1	31497998	30717928	29443379	29435914	29430238	16657970
SRR6744339_1	70793520	68562365	47177296	47141826	47130053	28475783
SRR6744342_1	48085315	45609900	13439011	13434498	13429728	4241516
SRR6744343_1	41355433	38949094	28925210	28918984	28915524	22851125
SRR6744356_1	47475474	45989091	37748473	37703818	37699335	29189807
SRR6744360_1	27893305	27185392	23958633	23942521	23937645	13519719
SRR6744365_1	46272620	45626304	43163618	43132177	43130305	33819872
SRR6744366_1	37663487	36567184	12197128	12191764	12184882	9059650
SRR6744367_1	29270571	28330663	10626345	10620106	10615584	6951877
SRR6744370_1	41343715	39573500	3897151	3855027	3848663	2461721
SRR6744371_1	91761985	89554816	42905065	42886496	42834209	25051620
SRR6744376_1	45117845	43214171	38390625	38355290	38352712	11417202
SRR6744378_1	90151816	87418191	60297305	60280692	60262088	8549540
SRR6744381_1	20087565	19543897	8095436	8084037	8063667	5799727
SRR6744391_1	96594449	93383769	32578509	32487593	32457955	21795921
SRR6744393_1	15104936	14302840	503143	499616	496578	175998
SRR6744401_1	63817777	61786433	38268661	38034422	38016296	28331109
SRR6744403_1	33634085	32883000	24240951	24236304	24232706	15914660
SRR6744405_1	49505335	45853711	13086744	13076111	13071117	7001651
SRR6744415_1	45070888	43040916	11757040	11703395	11672133	8348902
SRR6744421_1	49749166	47642560	43764113	43760144	43755006	31018876
SRR6744422_1	48777689	47014496	46393866	46392239	46387085	30953165
SRR6744423_1	75569750	73251060	51310224	51288700	51268557	38200635
SRR6744429_1	48477619	47044178	46061038	46058594	46055990	32901678
SRR6744431_1	42959224	42235581	40327886	40320480	40318681	29163729
SRR6744432_1	21564233	20827449	4866736	4855021	4819232	3078306
SRR6744434_1	38694200	37827104	29422858	29415018	29413391	20855996
SRR6744441_1	53128524	52373043	51438435	51432471	51404257	9934788
SRR6744443_1	43719501	42457241	30814653	30806199	30792935	22800226
SRR6744444_1	54722478	52860160	24517645	24507181	24489776	15007037
SRR6744445_1	42500344	40060701	37339692	37336845	37320769	27372749
SRR6744448_1	34522058	33208733	29186356	29179435	29174271	22368847
SRR6744454_1	34903473	33993990	30442076	30438556	30434304	18437391
SRR6744455_1	53969398	51771421	26515683	26484980	26468556	18994483
SRR6744458_1	35441262	32760273	14791357	14779968	14774846	10923114
SRR6744460_1	86848066	85031438	83032272	83030580	83025401	62654226
SRR6744461_1	36995570	36074589	23925893	23912997	23900158	18635888
SRR6744465_1	74206529	72813488	68160610	68141381	68098555	28118544
SRR6744470_1	49143867	47077459	43303774	43300764	43296313	30510827
SRR6744471_1	18204860	17803447	15050328	15045005	15040793	11177652
SRR6744476_1	83134345	81648530	66960588	66933243	66931252	51427534
SRR6744477_1	16313736	15373152	6789040	6779294	6773027	4588049
SRR6744480_1	39673225	38671908	15904520	15748957	15743923	11964023
SRR6744482_1	396644	379138	121459	121345	121216	81093
SRR6744485_1	68254119	66854476	52223935	52191868	52183681	28413863
SRR6744487_1	36991779	35763426	31175023	31159432	31154310	24255591
SRR6744488_1	22543250	21838722	7836103	7829777	7828058	5412116
SRR6744497_1	5556554	5393544	1776552	1772869	1762531	1232529
SRR6744499_1	29906177	29016206	26636994	26635033	26633807	20624126
SRR6744501_1	34794069	33459674	14361043	14351469	14331547	10201973
SRR6744507_1	83543881	82075955	70113198	69989551	69976833	45868797
SRR6744517_1	48408010	46358723	30615208	30498033	30487627	24586279
SRR6744518_1	47018973	45145300	39444990	39437978	39433809	28450063
SRR6744519_1	42632568	40356531	4744141	4732550	4721351	2432290
SRR6744521_1	48708057	46360707	40693239	40685675	40681792	30557624
SRR6744523_1	46442884	45746272	41909391	41905125	41894938	31453197
SRR6744535_1	50700437	49249009	45540487	45536494	45533601	32548702
SRR6744539_1	56557228	55213374	55119053	55118720	55071516	21134079
SRR6744546_1	41916844	40583316	16244080	16199603	16189634	12116919
SRR6744547_1	39758208	38359044	9364157	9354222	9345724	6687387
SRR6744553_1	62569946	61171353	28949233	28932780	28923304	20924298
SRR6744562_1	26497338	25807039	18241430	18215303	18210786	14112981
SRR6744563_1	45009820	43848540	42367795	42363890	42352690	13966566
SRR6744564_1	62438089	60404730	41505479	41289967	41285832	33304197
SRR6744565_1	92062653	89295994	28323090	28284458	28237921	19979225
SRR6744567_1	920458	888835	427618	427304	426719	302507
SRR6744571_1	78924734	75785539	51360269	51344879	51331804	33441453
SRR6744574_1	32326103	31518770	19376395	19309650	19266585	13965206
SRR6744576_1	34184396	32248207	3897949	3886407	3875343	1310228
SRR6744581_1	65096837	63434434	48584076	48556647	48537497	32601411
SRR6744593_1	60891097	59664544	51546280	51542975	51501449	30162334
SRR6744599_1	85985527	83512674	69527625	69507340	69502393	54991827
SRR6744600_1	51899899	50416768	41139138	41132704	41130017	26948210
SRR6744603_1	43046305	40873167	37828336	37825947	37822406	7921862
SRR6744606_1	62778931	60283517	60051105	60050413	60008510	17241964
SRR6744609_1	31543044	30110734	6734284	6722022	6703875	4584480
SRR6744611_1	95981530	93717257	69034511	69025628	69005922	43761078
SRR6744613_1	35194349	32645716	19093002	19084787	19077360	13202861
SRR6744619_1	16704859	15851532	6074602	6069319	6057877	4466326
SRR6744620_1	60053613	58932715	56289606	56287564	56283572	37495652
SRR6744623_1	4236233	4138380	2983278	2982358	2979641	2332354
SRR6744629_1	30551091	29478199	19642767	19513949	19510705	15746516
SRR6744630_1	42283706	40423960	1935780	1910834	1901515	857999
SRR6744632_1	46344945	45431298	34328214	34320663	34311719	22697077
SRR6744635_1	43593197	42452945	17888700	17867013	17809066	5651379
SRR6744638_1	44373529	42045433	8763326	8744213	8713316	4856289
SRR6744639_1	64776968	62507676	34152595	34139623	34128696	24821071
SRR6744649_1	19540797	18962609	9341004	9332154	9327961	6636314
SRR6744653_1	54597200	52459495	25047968	25028743	25015127	16193271
SRR6744658_1	38275137	37040334	32975984	32973654	32971118	23914873
SRR6744665_1	46999668	46075154	25366402	25031621	25025148	20608101
SRR6744667_1	15674398	14294889	11871102	11870251	11869355	8431796
SRR6744673_1	44221887	43021976	16360049	16339713	16334922	11229366
SRR6744674_1	38281778	36911271	28978728	28966301	28960186	21453607
SRR6744680_1	46912702	45213249	42190193	42184575	42176726	30479386
SRR6744684_1	38848248	37247724	35941655	35940298	35935394	25458173
SRR6744685_1	63800525	62272119	61477498	61476570	61472481	44297880
SRR6744689_1	20598642	19878689	8976054	8971666	8969261	6844207
SRR6744695_1	1492088	785425	153091	152583	151823	79796
SRR6744696_1	68273305	67358016	65282877	65277696	65267484	32394672
SRR6744701_1	53387141	52084460	35030108	34986150	34979107	24415285
SRR6744702_1	49373312	48603408	44378615	44376808	44374731	33924604
SRR6744705_1	8406302	8127349	4076822	4074964	4072981	2637535
SRR6744707_1	40060816	39297271	31664994	31657475	31651546	24100562
SRR6744710_1	66725206	64112741	61230104	61228283	61225085	42880433
SRR6744713_1	48894435	47996695	30798471	30790338	30785357	22495648
SRR6744718_1	49386049	46720397	27946919	27810732	27800415	19323249
SRR6744723_1	69380253	67892163	31135885	31119154	31105551	4518123
SRR6744726_1	57463952	55763089	43429743	43415930	43404766	27426487
SRR6744729_1	55679755	53634570	39177380	39162445	39158631	30007987
SRR6744735_1	29867538	29079664	22290973	22287879	22283186	13400451
SRR6744739_1	61073131	59305452	38004047	37992414	37982470	26843634
SRR6744745_1	31114674	29815501	10161321	10140022	10130826	5547604
SRR6744747_1	34091354	32927055	23839686	23832686	23826372	18773666
SRR6744749_1	33627994	31618919	6801199	6789678	6777378	4829232
SRR6744756_1	32070687	31024598	20090758	20082576	20075216	14363761
SRR6744758_1	43002960	41557475	36539774	36535720	36532207	8357149
SRR6744759_1	2731078	2630438	1269631	1267497	1266889	874594
SRR6744760_1	68185532	66916872	44988483	44961610	44936537	35367722
SRR6744766_1	36575564	34488216	24605577	24560739	24555902	19314966
SRR6744770_1	40793696	38298950	19798772	19759848	19753641	15030281
SRR6744777_1	37024831	35983326	18443862	18364075	18356284	13044329
SRR6744778_1	35248278	33181473	20215047	20200242	20189922	14919149
SRR6744780_1	50283974	47955021	23193450	23170445	23164285	15200222
SRR6744783_1	74302973	71924233	56532922	56522198	56507896	43113028
SRR6744790_1	1592009	1532590	853834	853462	853141	377426
SRR6744793_1	47160451	45771917	15459801	15449238	15443629	10858235
SRR6744794_1	59306820	57870198	49076767	49070532	49065668	39580638
SRR6744796_1	65065310	63242320	60822229	60817897	60808152	46863203
SRR6744800_1	133517279	131504995	131079533	131079196	131039621	24825159
SRR6744803_1	46244812	44859828	37171440	37166225	37154493	27289689
SRR6744804_1	49177516	48024425	40212905	40209696	40203873	30965144
SRR6744805_1	30604047	29804634	26568577	26566927	26564212	19063635
SRR6744809_1	68890837	66473072	21943016	21918524	21887399	15876048
SRR6744815_1	31870581	31060759	11614518	11599200	11596924	7783039
SRR6744819_1	56837352	55350625	49178207	49173101	49156834	30591384
SRR6744826_1	37669779	36210676	6487453	6481269	6471823	4116555
SRR6744829_1	44392360	42949286	34730168	34728020	34722040	20481694
SRR6744832_1	52073141	50657613	27446599	27418031	27407972	19489637
SRR6744833_1	55623719	54071173	49920093	49917530	49912786	36923033
SRR6744842_1	36657423	35000464	26490379	26483187	26478311	20214930
SRR6744858_1	24694718	24218941	18769995	18768003	18765347	13164741
SRR6744859_1	13359157	12692406	10239881	10237109	10233088	7884542
SRR6744860_1	38071086	36966816	33929688	33920567	33915171	27014141
SRR6744862_1	26225670	25408025	11059396	11008197	11000384	7943756
SRR6744866_1	27563157	26758346	22900886	22896116	22890149	16827231
SRR6744875_1	31370778	30549002	25769920	25767132	25761111	15174718
SRR6744877_1	33865982	31941763	4007486	4004474	4000840	481064
SRR6744878_1	45780573	44051884	26381100	26371780	26364651	12810238
SRR6744883_1	150852597	148001225	143489119	143466876	143445291	82683483
SRR6744884_1	84787243	82737720	46250927	46147093	46130011	36308398
SRR6744894_1	73862551	71526428	71107561	71104420	71070664	28311676
SRR6744896_1	112375557	109469237	28039672	26715261	26709044	21079199
SRR6744897_1	19077241	17652421	5609593	5550358	5546589	3911438
SRR6744898_1	728640	705405	577921	577011	576641	426505
SRR6744901_1	43875973	42345410	34538691	34532820	34525421	26592327
SRR6744902_1	59015049	57538223	57151402	57148812	57137038	37190419
SRR6744914_1	44902957	43043270	11154806	11126931	11085649	7613823
SRR6744916_1	24616195	23765542	11534570	11514397	11508309	8622181
SRR6744917_1	38447584	37191066	37025575	37023797	37012297	11387582
SRR6744918_1	50454339	48806103	16644163	16625963	16607314	10986411
SRR6744925_1	98349946	95906796	40023245	39998975	39966361	25831390
SRR6744926_1	49143325	47459468	29974664	29779095	29770966	23455913
SRR6744928_1	44407721	43239716	40005782	40004361	39998835	30491955
SRR6744930_1	47332348	45942084	17160093	17085443	17079319	10091312
SRR6744931_1	69160676	66708806	50306469	50283532	50273800	38872675
SRR6744940_1	64540700	63440198	60293012	60287283	60278653	28933337
SRR6744941_1	52294004	49691899	19358534	19343476	19334859	13345361
SRR6744945_1	81182546	78094685	43692561	43673963	43648966	26199892
SRR6744955_1	2007077	1908712	457590	457093	456419	313563
SRR6744962_1	63473431	61696427	15832758	15826691	15820642	3419502
SRR6744971_1	72695438	70965865	41370881	41338448	41329663	30921283
SRR6744972_1	72274472	71156852	66819215	66808663	66800453	49904336
SRR6744973_1	27530421	26863533	24180944	24179672	24176238	18177957
SRR6744976_1	65855272	64076768	38090145	38079296	38075271	26667566
SRR6744977_1	42773276	40397989	30223621	30215537	30195724	20697618
SRR6744980_1	47862755	47201895	45858620	45855865	45848987	32456014
SRR6744981_1	56701172	54520302	28323737	28306051	28295533	20873630
SRR6744985_1	68323164	65948029	47711435	47608064	47589986	34846309
SRR6744991_1	65858703	63693800	52124920	52118049	52106544	37678602
SRR6744992_1	13926049	12458200	2978054	2963694	2961570	1988800
SRR6744998_1	52359529	51029713	33232304	33219521	33211103	23386507
SRR6744999_1	62877559	60585200	57997654	57990194	57971382	42459006
SRR6745001_1	51468664	50553488	31991120	31961100	31958206	11894569
SRR6745004_1	48188922	47541506	44985582	44981735	44975755	33767537
